16

 0 16  8  2   0  0  6  3   0  0  0 13   0  0  0  0
10  0  0  9   1  0  0  2   8  0 16  3   0  0 15  0
12  0 11  1   0  0  0  0   0  0  0  0   0  8  0  0
 0 14  0  6   0  0  0  0   9  0  0  0   0  0  0  0

 0  0  0  0   0  5  0 10   0  0  0  0   0  0  0 16
 1 11 13  0   7  0  8  0   0  0  0 10   0  0 14  0
 0  0 12  0   3  1 14  0   0  8  0  9  10  0 13  0
 4  0  0  0   9  2 15 16   0  0  0  0   0  3  7  0

 0  0  0 11   0  0  0  0   0  2 10 12   4  5  0  0
 6  0  0  0   0  0  0  0   7  9  0 16   0  0  0  0
 0  0  0  0   0  0  0  5   0  3  6  0   0  0 16 12
 0  0  3 15   0  0  0 14   4  0 13  5   0  7  9  0

 8  0 10  0   0  0  0  0   0  0  4  0  15 13  0  7
 0  0  0 16   0 14  0  0   0  0  0  6   2  0  4  1
 0  0  0  0   0  0  3  4   0  0 15  0   8 12 11  0
 0 13  0  7   0  0  0  0   2  0  0  0   0 16  0  9
